
----------------

----------------

----------------
  ||||  10,17,30,40,44,48,56,  ||||  15,30,40,44,48,56,  ||||  35,50,
----------------
  ||||  04,12,20,24,28,40,49,59,  ||||  04,12,20,25,37,50,  ||||  05,20,35,50,
----------------
  ||||  08,12,16,26,36,40,55,  ||||  02,15,28,43,  ||||  05,20,35,50,
----------------
  ||||  00,05,17,30,35,40,45,50,55,  ||||  00,24,36,48,  ||||  05,20,35,50,
----------------
  ||||  00,05,10,15,20,30,40,50,  ||||  00,12,24,36,50,  ||||  05,20,35,50,
----------------
  ||||  10,20,25,30,35,40,50,55,  ||||  00,10,30,40,50,  ||||  05,20,50,
----------------
  ||||  15,25,35,45,  ||||  00,21,43,  ||||  20,50,
----------------
  ||||  05,15,20,25,35,45,55,  ||||  06,35,45,55,  ||||  20,35,50,
----------------
  ||||  05,15,25,35,45,52,  ||||  15,25,35,45,55,  ||||  20,50,
----------------
  ||||  05,15,27,33,45,  ||||  05,15,25,35,45,55,  ||||  05,20,50,
----------------
  ||||  00,15,33,45,57,  ||||  05,15,35,45,55,  ||||  20,50,
----------------
  ||||  15,30,42,  ||||  05,25,45,55,  ||||  20,50,
----------------
  ||||  03,17,27,39,45,55,  ||||  15,35,45,55,  ||||  20,50,
----------------
  ||||  05,15,25,35,50,  ||||  10,
----------------
  ||||  05,20,35,50,
----------------

----------------

----------------

----------------

----------------

----------------
